1	-1	9625	429815	4853135	A	4	0	0	1188	43036
1	-1	9625	429815	4853135	A	14	0.00107123727905731	4.71564651513723e-05	1867	42412
1	-1	9625	429815	4853135	A	24	0.000762485703393061	0	2623	41657
1	-1	9625	429815	4853135	A	34	0.00133645172068159	2.41960850734351e-05	2993	41329
1	-1	9625	429815	4853135	A	44	0.00111576011157601	4.8848398993723e-05	3585	40943
1	-1	9625	429815	4853135	A	54	0.0025992438563327	0.000149547618454176	4232	40121
1	-1	9625	429815	4853135	A	64	0.00280617358188014	0.000228217871995131	4989	39436
1	-1	9625	429815	4853135	A	74	0.00158283503341541	0.000259430291080787	5686	38546
1	-1	9625	429815	4853135	A	84	0.00219651486308391	0.000293474200949789	6829	37482
1	-1	9625	429815	4853135	A	94	0.00301939379862966	0.000979377116154126	8611	35737
1	-1	9625	429815	4853135	AM	7	0.00137741046831956	0	1452	42561
1	-1	9625	429815	4853135	AM	17	0.000482392667631452	2.34807927115619e-05	2073	42588
1	-1	9625	429815	4853135	AM	27	0.000375516334960571	0	2663	41561
1	-1	9625	429815	4853135	AM	37	0.00227346541084768	0	3079	41074
1	-1	9625	429815	4853135	AM	47	0.00111638291934133	0.000122204570450935	3583	40915
1	-1	9625	429815	4853135	AM	57	0.00140944326990839	7.44546199091654e-05	4257	40293
1	-1	9625	429815	4853135	AM	67	0.00236453201970443	0.000102205074481948	5075	39137
1	-1	9625	429815	4853135	AM	77	0.0019588638589618	0.000155921103921416	6126	38481
1	-1	9625	429815	4853135	AM	87	0.00275292498279422	0.000431942119755953	7265	37042
1	-1	9625	429815	4853135	AM	97	0.00419823878763056	0.0010410039905153	9766	34582
1	-1	9625	429815	4853135	AMs	2	0	0	1064	43086
1	-1	9625	429815	4853135	AMs	12	0.00116009280742459	0	1724	42536
1	-1	9625	429815	4853135	AMs	22	0.00129645635263613	2.39980801535877e-05	2314	41670
1	-1	9625	429815	4853135	AMs	32	0.00103092783505155	4.83734429798041e-05	2910	41345
1	-1	9625	429815	4853135	AMs	42	0.00123877361412202	2.44492799687049e-05	3229	40901
1	-1	9625	429815	4853135	AMs	52	0.00180645161290323	0	3875	40566
1	-1	9625	429815	4853135	AMs	62	0.00151024811218986	7.55953130905884e-05	4635	39685
1	-1	9625	429815	4853135	AMs	72	0.00128017556693489	0.000128481858361599	5468	38916
1	-1	9625	429815	4853135	AMs	82	0.00167402221884036	0.00026576660376857	6571	37627
1	-1	9625	429815	4853135	AMs	92	0.00297619047619048	0.00044135495972636	8064	36252
1	-1	9625	429815	4853135	As	9	0.00203942895989123	0	1471	42551
1	-1	9625	429815	4853135	As	19	0.00191938579654511	9.51406892942939e-05	2084	42043
1	-1	9625	429815	4853135	As	29	0.00220345207491737	7.26638569975294e-05	2723	41286
1	-1	9625	429815	4853135	As	39	0.00120048019207683	4.89488240045033e-05	3332	40859
1	-1	9625	429815	4853135	As	49	0.00132978723404255	4.91714608841029e-05	3760	40674
1	-1	9625	429815	4853135	As	59	0.00137709433096167	0	4357	40294
1	-1	9625	429815	4853135	As	69	0.000952562392836731	5.08698748601078e-05	5249	39316
1	-1	9625	429815	4853135	As	79	0.00166805671392827	0.000104457733789465	5995	38293
1	-1	9625	429815	4853135	As	89	0.00212370586673746	0.000571117759042698	7534	36770
1	-1	9625	429815	4853135	As	99	0.00464419475655431	0.00361255362384285	13350	31003
1	-1	9625	429815	4853135	D	1	0	0	785	35569
1	-1	9625	429815	4853135	D	21	0.00186813186813187	0.000196287364701924	9100	71324
1	-1	9625	429815	4853135	D	31	0.00219991750309363	0.000129684865776164	7273	61688
1	-1	9625	429815	4853135	D	41	0.00215303080490229	0.00018678670825784	6038	53537
1	-1	9625	429815	4853135	D	51	0.00344462109167992	0.000532164658005948	3774	31945
1	-1	9625	429815	4853135	D	61	0.000598086124401914	0	1672	60236
1	-1	9625	429815	4853135	D	81	0.00135226504394861	0.000198763250883392	5916	45280
1	-1	9625	429815	4853135	D	91	0.00210859251449657	0.00030249177600484	3794	26447
1	-1	9625	429815	4853135	Ds	6	0	0	1731	51835
1	-1	9625	429815	4853135	Ds	16	0.00109859928591046	2.72628135223555e-05	3641	73360
1	-1	9625	429815	4853135	Ds	26	0.000626304801670146	3.89719207311132e-05	4790	51319
1	-1	9625	429815	4853135	Ds	36	0	0	5	221
1	-1	9625	429815	4853135	Ds	46	0.00061893955023726	0	4847	48146
1	-1	9625	429815	4853135	Ds	56	0.000462534690101758	7.49185261028631e-05	8648	80087
1	-1	9625	429815	4853135	Ds	66	0.000933053417308141	7.36666339259405e-05	4287	40724
1	-1	9625	429815	4853135	Ds	76	0.00158049221043125	8.27357970215113e-05	4429	36260
1	-1	9625	429815	4853135	Ds	86	0.00115852481173972	0.000102448519618892	5179	39044
1	-1	9625	429815	4853135	Ds	96	0.00964668997950078	0.00224327018943171	8293	36108
1	-1	9625	429815	4853135	M	2	0	0	1507	46045
1	-1	9625	429815	4853135	M	12	0	0	64	1022
1	-1	9625	429815	4853135	M	22	0	0	136	1666
1	-1	9625	429815	4853135	M	62	0.000712758374910905	2.44660289188462e-05	4209	40873
1	-1	9625	429815	4853135	M	72	0.00139599813866915	8.05152979066023e-05	4298	37260
1	-1	9625	429815	4853135	M	82	0.00224719101123596	0.000230373460977295	5785	39067
1	-1	9625	429815	4853135	M	92	0.00461172270157691	0.000476203074155401	6722	37799
1	-1	9625	429815	4853135	Ms	7	0.000443655723158829	2.62680921484673e-05	2254	38069
1	-1	9625	429815	4853135	Ms	17	0	0	95	1531
1	-1	9625	429815	4853135	Ms	27	0	0	48	889
1	-1	9625	429815	4853135	Ms	37	0	0	100	1431
1	-1	9625	429815	4853135	Ms	47	0	0	179	2509
1	-1	9625	429815	4853135	Ms	57	0	0	306	3165
1	-1	9625	429815	4853135	Ms	67	0.000756572725553244	2.05482266880368e-05	5287	48666
1	-1	9625	429815	4853135	Ms	77	0.00139442231075697	4.9000392003136e-05	5020	40816
1	-1	9625	429815	4853135	Ms	87	0.00253301972136783	0.000205296653664545	5527	38968
1	-1	9625	429815	4853135	Ms	97	0.00656455142231947	0.00261341362952021	9140	35203
1	-1	9625	429815	4853135	A	9	0.000654878847413229	2.34521575984991e-05	1527	42640
1	-1	9625	429815	4853135	A	19	0.000901713255184851	7.18717807431542e-05	2218	41741
1	-1	9625	429815	4853135	A	29	0.00142806140664049	7.23065798987708e-05	2801	41490
1	-1	9625	429815	4853135	A	39	0.0009000900090009	2.44295695509845e-05	3333	40934
1	-1	9625	429815	4853135	A	49	0.00101651842439644	0.000123992560446373	3935	40325
1	-1	9625	429815	4853135	A	59	0.00222617987533393	0.000302839116719243	4492	39625
1	-1	9625	429815	4853135	A	69	0.00208451771840061	0.000308174323942577	5277	38939
1	-1	9625	429815	4853135	A	79	0.00315606753984535	0.000605183528483094	6337	38005
1	-1	9625	429815	4853135	A	89	0.0027037988373665	0.000812149760415821	7397	36939
1	-1	9625	429815	4853135	A	99	0.00397635679742074	0.000970430414430871	9305	35036
1	-1	9625	429815	4853135	AM	2	0	0	1106	43088
1	-1	9625	429815	4853135	AM	12	0.00119118522930316	0	1679	42468
1	-1	9625	429815	4853135	AM	22	0	2.39228726585488e-05	2212	41801
1	-1	9625	429815	4853135	AM	32	0.000696378830083565	7.27784381747168e-05	2872	41221
1	-1	9625	429815	4853135	AM	42	0.000596836765144733	0	3351	40900
1	-1	9625	429815	4853135	AM	52	0.00201969199697046	4.95785820525533e-05	3961	40340
1	-1	9625	429815	4853135	AM	62	0.00170903653065584	0.000226449275362319	4681	39744
1	-1	9625	429815	4853135	AM	72	0.00144456482484652	0.000205676676264912	5538	38896
1	-1	9625	429815	4853135	AM	82	0.000923929781336618	0.000290605516221072	6494	37852
1	-1	9625	429815	4853135	AM	92	0.00304173257087237	0.00102410805723934	8219	36129
1	-1	9625	429815	4853135	AMs	7	0	4.65451837371128e-05	1496	42969
1	-1	9625	429815	4853135	AMs	17	0.00146127618119825	0	2053	42326
1	-1	9625	429815	4853135	AMs	27	0.000750750750750751	4.77076475359e-05	2664	41922
1	-1	9625	429815	4853135	AMs	37	0.000333000333000333	2.41820424153024e-05	3003	41353
1	-1	9625	429815	4853135	AMs	47	0.00169683257918552	2.4390243902439e-05	3536	41000
1	-1	9625	429815	4853135	AMs	57	0.000948991696322657	4.9519659304744e-05	4215	40388
1	-1	9625	429815	4853135	AMs	67	0.00163532297628782	5.07408159123199e-05	4892	39416
1	-1	9625	429815	4853135	AMs	77	0.000659521846661171	0.000156875049023453	6065	38247
1	-1	9625	429815	4853135	AMs	87	0.00267116547167159	0.000295961471197568	7113	37167
1	-1	9625	429815	4853135	AMs	97	0.00495776716856408	0.00215426964275028	10892	33422
1	-1	9625	429815	4853135	As	4	0.00162999185004075	2.32223305930983e-05	1227	43062
1	-1	9625	429815	4853135	As	14	0.000552486187845304	2.3612193336639e-05	1810	42351
1	-1	9625	429815	4853135	As	24	0.00121703853955375	2.39137193007628e-05	2465	41817
1	-1	9625	429815	4853135	As	34	0.00101971447994562	2.42742013787746e-05	2942	41196
1	-1	9625	429815	4853135	As	44	0.000567697984672154	0	3523	40637
1	-1	9625	429815	4853135	As	54	0.00222002960039467	2.48169748107706e-05	4054	40295
1	-1	9625	429815	4853135	As	64	0.00106791969243913	0.00010103306306989	4682	39591
1	-1	9625	429815	4853135	As	74	0.0016289592760181	0.00012868356710848	5525	38855
1	-1	9625	429815	4853135	As	84	0.00118588793359028	0.00026683032259786	6746	37477
1	-1	9625	429815	4853135	As	94	0.00318786413103221	0.00119233498935415	9097	35225
1	-1	9625	429815	4853135	D	26	0.00170648464163823	0.000180182677514588	8790	72149
1	-1	9625	429815	4853135	D	36	0.00138355111452729	8.88320363856021e-05	6505	56286
1	-1	9625	429815	4853135	D	46	0.00192967409948542	0.000323246388343238	4664	40217
1	-1	9625	429815	4853135	D	56	0.00398803589232303	0.000553048402796213	6018	45204
1	-1	9625	429815	4853135	D	66	0.000581057524694945	1.34752728742757e-05	3442	74210
1	-1	9625	429815	4853135	D	76	0.0020108275328693	0.000200184169435881	6465	49954
1	-1	9625	429815	4853135	D	86	0.00207660359944624	0.000400307929176289	4334	32475
1	-1	9625	429815	4853135	D	96	0.00289389067524116	0.000677949078491438	6220	39826
1	-1	9625	429815	4853135	Ds	1	0	0	1023	50042
1	-1	9625	429815	4853135	Ds	11	0	0	18	668
1	-1	9625	429815	4853135	Ds	21	0.00049297510475721	9.49793894724845e-05	4057	52643
1	-1	9625	429815	4853135	Ds	31	0.00204738227551916	0	3419	33177
1	-1	9625	429815	4853135	Ds	41	0.0013348588863463	0	5244	51610
1	-1	9625	429815	4853135	Ds	51	0	0	34	957
1	-1	9625	429815	4853135	Ds	61	0.000638297872340425	0.000110626811514039	4700	45197
1	-1	9625	429815	4853135	Ds	71	0.00133779264214047	8.31808351355848e-05	2990	24044
1	-1	9625	429815	4853135	Ds	81	0.00104405930256839	0.000109571029419821	4789	36506
1	-1	9625	429815	4853135	Ds	91	0.00254874474321397	0.000382116927779901	7847	36638
1	-1	9625	429815	4853135	M	7	0.0004149377593361	0	2410	40871
1	-1	9625	429815	4853135	M	17	0	0	86	1014
1	-1	9625	429815	4853135	M	27	0	0	47	682
1	-1	9625	429815	4853135	M	67	0.000727802037845706	2.77115778972455e-05	4122	36086
1	-1	9625	429815	4853135	M	77	0.00114133536237398	0.00012622437645158	5257	39612
1	-1	9625	429815	4853135	M	87	0.00339202067517364	0.000210426640012626	6191	38018
1	-1	9625	429815	4853135	M	97	0.00766335036300081	0.00200395374658109	7438	36927
1	-1	9625	429815	4853135	Ms	2	0	0	1454	43196
1	-1	9625	429815	4853135	Ms	12	0	0	58	1180
1	-1	9625	429815	4853135	Ms	22	0	0	132	2118
1	-1	9625	429815	4853135	Ms	32	0	0	139	1933
1	-1	9625	429815	4853135	Ms	42	0	0	125	1854
1	-1	9625	429815	4853135	Ms	52	0	0	162	2036
1	-1	9625	429815	4853135	Ms	62	0.00064878892733564	0	4624	47537
1	-1	9625	429815	4853135	Ms	72	0.00156690692572861	0.000103455410717981	3191	28998
1	-1	9625	429815	4853135	Ms	82	0.00148643626904496	0.000176821258967364	5382	39588
1	-1	9625	429815	4853135	Ms	92	0.00578480524489009	0.000879482523831139	5186	35248
1	-1	9625	429815	4853135	A	7	0.0006765899864682	2.32525694089197e-05	1478	43006
1	-1	9625	429815	4853135	A	17	0.000491883915395967	0	2033	42223
1	-1	9625	429815	4853135	A	27	0.00108735048930772	7.19597025665627e-05	2759	41690
1	-1	9625	429815	4853135	A	37	0.00220472440944882	9.7110949259529e-05	3175	41190
1	-1	9625	429815	4853135	A	47	0.00213732300293882	2.4662128834961e-05	3743	40548
1	-1	9625	429815	4853135	A	57	0.00204127920163302	0.000150195253829979	4409	39948
1	-1	9625	429815	4853135	A	67	0.00154828720727695	0.000179731429891904	5167	38947
1	-1	9625	429815	4853135	A	77	0.00315982038915683	0.000338594572068552	6013	38394
1	-1	9625	429815	4853135	A	87	0.00225606316976875	0.000617615467239527	7092	37240
1	-1	9625	429815	4853135	A	97	0.00317599386704633	0.00116391301879294	9131	35226
1	-1	9625	429815	4853135	AM	0	0.000731528895391368	2.33781414377557e-05	1367	42775
1	-1	9625	429815	4853135	AM	10	0.00123609394313968	0	1618	42702
1	-1	9625	429815	4853135	AM	20	0.000445235975066785	2.37574836073363e-05	2246	42092
1	-1	9625	429815	4853135	AM	30	0.00143420580853352	0	2789	41731
1	-1	9625	429815	4853135	AM	40	0.000927070457354759	2.41242883334942e-05	3236	41452
1	-1	9625	429815	4853135	AM	50	0.00153688524590164	7.43660295976798e-05	3904	40341
1	-1	9625	429815	4853135	AM	60	0.00109769484083425	0.000125593428951797	4555	39811
1	-1	9625	429815	4853135	AM	70	0.002263296869106	0.000128132848136948	5302	39022
1	-1	9625	429815	4853135	AM	80	0.00221940393151554	0.000289549881547776	6308	37990
1	-1	9625	429815	4853135	AM	90	0.00258097819073429	0.000629034022535828	7749	36564
1	-1	9625	429815	4853135	AMs	5	0.000816326530612245	2.32753002513732e-05	1225	42964
1	-1	9625	429815	4853135	AMs	15	0.000523560209424084	0	1910	42455
1	-1	9625	429815	4853135	AMs	25	0.000399042298483639	4.79248538291958e-05	2506	41732
1	-1	9625	429815	4853135	AMs	35	0.000672268907563025	0	2975	41021
1	-1	9625	429815	4853135	AMs	45	0.00143719459614832	4.89967907102085e-05	3479	40819
1	-1	9625	429815	4853135	AMs	55	0.00119904076738609	5.0067591248185e-05	4170	39946
1	-1	9625	429815	4853135	AMs	65	0.00188600167644593	2.52136859887547e-05	4772	39661
1	-1	9625	429815	4853135	AMs	75	0.00121760306140198	0.00031062331745703	5749	38632
1	-1	9625	429815	4853135	AMs	85	0.00159605339524086	0.000187020759304283	6892	37429
1	-1	9625	429815	4853135	AMs	95	0.00318877551020408	0.00134500915750916	9408	34944
1	-1	9625	429815	4853135	As	2	0	2.31744339644504e-05	1093	43151
1	-1	9625	429815	4853135	As	12	0.000580046403712297	2.3447208609815e-05	1724	42649
1	-1	9625	429815	4853135	As	22	0.000427899015832264	7.10025560920193e-05	2337	42252
1	-1	9625	429815	4853135	As	32	0.000698324022346369	2.40731824747232e-05	2864	41540
1	-1	9625	429815	4853135	As	42	0.00087463556851312	4.87614589428516e-05	3430	41016
1	-1	9625	429815	4853135	As	52	0.00230061349693252	4.95000495000495e-05	3912	40404
1	-1	9625	429815	4853135	As	62	0.00263273365511189	0.000125982664785326	4558	39688
1	-1	9625	429815	4853135	As	72	0.00228136882129278	0.000153921141068726	5260	38981
1	-1	9625	429815	4853135	As	82	0.00191174127768042	0.000236580621418432	6277	38042
1	-1	9625	429815	4853135	As	92	0.00301059730250482	0.000555308751665926	8304	36016
1	-1	9625	429815	4853135	D	34	0.00179238237490665	0.00010552604734602	6695	56858
1	-1	9625	429815	4853135	D	44	0.00144196106705119	0.000214206152000685	5548	46684
1	-1	9625	429815	4853135	D	54	0.004931134160857	0.000365253636422233	5881	46543
1	-1	9625	429815	4853135	D	64	0.000392003136025088	1.61217514670794e-05	2551	62028
1	-1	9625	429815	4853135	D	84	0.00100765820233777	0.000294369514022693	4962	37368
1	-1	9625	429815	4853135	D	94	0.00324622626197046	0.000393381358640867	6161	40673
1	-1	9625	429815	4853135	Ds	9	0.000453926463912846	0	2203	59366
1	-1	9625	429815	4853135	Ds	19	0	0	3	192
1	-1	9625	429815	4853135	Ds	29	0.000977198697068404	3.15676494728203e-05	3070	31678
1	-1	9625	429815	4853135	Ds	39	0.000526685393258427	3.70109922647026e-05	5696	54038
1	-1	9625	429815	4853135	Ds	49	0.000976880494952784	0.000107824461776228	3071	27823
1	-1	9625	429815	4853135	Ds	59	0.000999500249875062	7.79139829628091e-05	4002	38504
1	-1	9625	429815	4853135	Ds	69	0.00134680134680135	0.000156289682927306	5940	51187
1	-1	9625	429815	4853135	Ds	79	0.00165871863985072	7.56181786101379e-05	4823	39673
1	-1	9625	429815	4853135	Ds	89	0.00127352483373426	0.00018747154449771	7067	37339
1	-1	9625	429815	4853135	Ds	99	0.00661541212229573	0.00361783593114052	11186	33169
1	-1	9625	429815	4853135	M	5	0.00092678405931418	2.523786689549e-05	2158	39623
1	-1	9625	429815	4853135	M	15	0	0	37	519
1	-1	9625	429815	4853135	M	25	0	0	111	1757
1	-1	9625	429815	4853135	M	35	0	0.000538793103448276	142	1856
1	-1	9625	429815	4853135	M	45	0	0	134	1726
1	-1	9625	429815	4853135	M	55	0	0	80	901
1	-1	9625	429815	4853135	M	65	0.000506970849176172	0.000113895216400911	3945	35120
1	-1	9625	429815	4853135	M	75	0.000992457324335054	2.63768727579658e-05	5038	37912
1	-1	9625	429815	4853135	M	85	0.00288477855082301	0.000288033516627389	5893	38190
1	-1	9625	429815	4853135	M	95	0.00608407079646018	0.00131947436449806	7232	37136
1	-1	9625	429815	4853135	Ms	0	0	0	1235	41367
1	-1	9625	429815	4853135	Ms	10	0.000910332271279017	0	2197	32241
1	-1	9625	429815	4853135	Ms	20	0	0	189	2869
1	-1	9625	429815	4853135	Ms	30	0	0	106	1426
1	-1	9625	429815	4853135	Ms	40	0	0	123	1523
1	-1	9625	429815	4853135	Ms	50	0	0	287	3297
1	-1	9625	429815	4853135	Ms	60	0	0	143	1470
1	-1	9625	429815	4853135	Ms	70	0.00102380342974149	5.28457432753792e-05	3907	37846
1	-1	9625	429815	4853135	Ms	80	0.00150570015057002	8.5704490915324e-05	4649	35004
1	-1	9625	429815	4853135	Ms	90	0.00449360525406153	0.000232877066783968	5786	38647
1	-1	9625	429815	4853135	A	6	0.00238095238095238	0	1260	42826
1	-1	9625	429815	4853135	A	16	0	2.35910259737196e-05	2013	42389
1	-1	9625	429815	4853135	A	26	0.000732600732600733	2.41505059530997e-05	2730	41407
1	-1	9625	429815	4853135	A	36	0.000919963201471941	2.45434910661693e-05	3261	40744
1	-1	9625	429815	4853135	A	46	0.000797872340425532	0.000172396808196237	3760	40604
1	-1	9625	429815	4853135	A	56	0.00159453302961276	0.000100030009002701	4390	39988
1	-1	9625	429815	4853135	A	66	0.00258038904327114	0.000279855492800081	5038	39306
1	-1	9625	429815	4853135	A	76	0.00253678335870117	0.000441661687147645	5913	38491
1	-1	9625	429815	4853135	A	86	0.00181564245810056	0.000591684148243774	7160	37182
1	-1	9625	429815	4853135	A	96	0.00226577546165175	0.000843668269636379	8827	35559
1	-1	9625	429815	4853135	AM	9	0.000648929266709929	2.3178193955127e-05	1541	43144
1	-1	9625	429815	4853135	AM	19	0	2.37383088828752e-05	2092	42126
1	-1	9625	429815	4853135	AM	29	0.000702247191011236	2.41452578713541e-05	2848	41416
1	-1	9625	429815	4853135	AM	39	0.00124378109452736	0	3216	40755
1	-1	9625	429815	4853135	AM	49	0.001071524243236	7.4150971377725e-05	3733	40458
1	-1	9625	429815	4853135	AM	59	0.00137994480220791	7.51860855617654e-05	4348	39901
1	-1	9625	429815	4853135	AM	69	0.00231884057971014	2.54783561364621e-05	5175	39249
1	-1	9625	429815	4853135	AM	79	0.00269242952169781	0.000236251476571729	6314	38095
1	-1	9625	429815	4853135	AM	89	0.00221152595290751	0.000572675211344423	7687	36670
1	-1	9625	429815	4853135	AM	99	0.0108695652173913	0.00578549176680018	10672	33705
1	-1	9625	429815	4853135	AMs	4	0	0	1159	43236
1	-1	9625	429815	4853135	AMs	14	0.00164654226125137	2.35943656654791e-05	1822	42383
1	-1	9625	429815	4853135	AMs	24	0.000808080808080808	7.15426990675602e-05	2475	41933
1	-1	9625	429815	4853135	AMs	34	0.00171703296703297	7.26673771921325e-05	2912	41284
1	-1	9625	429815	4853135	AMs	44	0.00200286123032904	4.89979910823656e-05	3495	40818
1	-1	9625	429815	4853135	AMs	54	0	2.48065092280214e-05	4030	40312
1	-1	9625	429815	4853135	AMs	64	0.000646830530401035	0.000151921810907986	4638	39494
1	-1	9625	429815	4853135	AMs	74	0.00123369756785337	0.000206766431469851	5674	38691
1	-1	9625	429815	4853135	AMs	84	0.000886655829762081	0.000345956303057721	6767	37577
1	-1	9625	429815	4853135	AMs	94	0.0036563071297989	0.00106930804513606	8752	35537
1	-1	9625	429815	4853135	As	1	0.00180505415162455	0	1108	43101
1	-1	9625	429815	4853135	As	11	0.00128452151573539	2.34852043212776e-05	1557	42580
1	-1	9625	429815	4853135	As	21	0.00131578947368421	4.77156149349875e-05	2280	41915
1	-1	9625	429815	4853135	As	31	0.00254452926208651	0	2751	41601
1	-1	9625	429815	4853135	As	41	0.00120336943441637	7.39626735041049e-05	3324	40561
1	-1	9625	429815	4853135	As	51	0.00153885611695306	2.47218788627936e-05	3899	40450
1	-1	9625	429815	4853135	As	61	0.00203435804701627	7.5013127297277e-05	4424	39993
1	-1	9625	429815	4853135	As	71	0.00113679424024252	2.55721774709116e-05	5278	39105
1	-1	9625	429815	4853135	As	81	0.00175522578586245	0.000314919301928881	6267	38105
1	-1	9625	429815	4853135	As	91	0.00274040857000498	0.00068840180636634	8028	36316
1	-1	9625	429815	4853135	D	3	0.00112170499158721	1.76242509693338e-05	1783	56740
1	-1	9625	429815	4853135	D	13	0.000800106680890785	0.000247318546287618	7499	76824
1	-1	9625	429815	4853135	D	23	0.0020373150332404	0.000192672923949244	9326	72662
1	-1	9625	429815	4853135	D	33	0.00197155330235178	0.000131431951107314	7101	60868
1	-1	9625	429815	4853135	D	53	0.005320813771518	0.000116256539430343	3195	25805
1	-1	9625	429815	4853135	D	73	0.00173064820641913	0.000198223199322437	6356	55493
1	-1	9625	429815	4853135	D	83	0.00158730158730159	0.000210255197245657	5040	38049
1	-1	9625	429815	4853135	D	93	0.00247592847317744	0.000457351932311914	3635	26238
1	-1	9625	429815	4853135	Ds	8	0	0	16	690
1	-1	9625	429815	4853135	Ds	18	0	1.74913854926449e-05	3678	57171
1	-1	9625	429815	4853135	Ds	28	0.000837170364169108	6.01829561868079e-05	4778	49848
1	-1	9625	429815	4853135	Ds	38	0.000594883997620464	0	3362	31254
1	-1	9625	429815	4853135	Ds	48	0.00129477772982305	2.1738657855264e-05	4634	46001
1	-1	9625	429815	4853135	Ds	58	0.000599664188054689	2.60209989461495e-05	8338	76861
1	-1	9625	429815	4853135	Ds	68	0.00187749354611594	7.45489786789921e-05	4261	40242
1	-1	9625	429815	4853135	Ds	78	0.00130740317045269	8.02407221664995e-05	6119	49850
1	-1	9625	429815	4853135	Ds	88	0.00135396518375242	2.58805869717125e-05	5170	38639
1	-1	9625	429815	4853135	Ds	98	0.00760065735414955	0.00401652844800185	9736	34607
1	-1	9625	429815	4853135	M	4	0.000537056928034372	0	1862	40480
1	-1	9625	429815	4853135	M	64	0.00130208333333333	2.47011164904654e-05	4608	40484
1	-1	9625	429815	4853135	M	74	0.000625390869293308	7.39444430751029e-05	4797	40571
1	-1	9625	429815	4853135	M	84	0.00242382271468144	0.000207135829320077	5776	38622
1	-1	9625	429815	4853135	M	94	0.00626959247648903	0.000855614973262032	7018	37400
1	-1	9625	429815	4853135	Ms	9	0.000433839479392625	0	2305	36637
1	-1	9625	429815	4853135	Ms	19	0	0	65	1041
1	-1	9625	429815	4853135	Ms	29	0	0	178	2419
1	-1	9625	429815	4853135	Ms	39	0	0	168	2208
1	-1	9625	429815	4853135	Ms	49	0	0	124	2008
1	-1	9625	429815	4853135	Ms	59	0	0	234	3040
1	-1	9625	429815	4853135	Ms	69	0.00129813933362181	4.71198020968312e-05	4622	42445
1	-1	9625	429815	4853135	Ms	79	0.001875	7.46212969181404e-05	4800	40203
1	-1	9625	429815	4853135	Ms	89	0.003154021377256	0.00033388124101089	5707	38936
1	-1	9625	429815	4853135	Ms	99	0.0202663578459757	0.00946557212263361	8635	35814
1	-1	9625	429815	4853135	A	1	0	0	1074	43067
1	-1	9625	429815	4853135	A	11	0.000579374275782155	0	1726	42763
1	-1	9625	429815	4853135	A	21	0	7.15341694882922e-05	2375	41938
1	-1	9625	429815	4853135	A	31	0.000681198910081744	4.82346131584025e-05	2936	41464
1	-1	9625	429815	4853135	A	41	0.00228440890919475	7.31957253696384e-05	3502	40986
1	-1	9625	429815	4853135	A	51	0.00150225338007011	0.000124316260566882	3994	40220
1	-1	9625	429815	4853135	A	61	0.00208420175072947	0.000252857287347021	4798	39548
1	-1	9625	429815	4853135	A	71	0.00272281720820476	0.00015451174289246	5509	38832
1	-1	9625	429815	4853135	A	81	0.00245361140929305	0.000582287861944841	6521	37782
1	-1	9625	429815	4853135	A	91	0.00370181261169262	0.000604944042676052	7834	36367
1	-1	9625	429815	4853135	AM	4	0.000897666068222621	0	1114	43258
1	-1	9625	429815	4853135	AM	14	0	4.70588235294118e-05	1851	42500
1	-1	9625	429815	4853135	AM	24	0.00120192307692308	7.17360114777618e-05	2496	41820
1	-1	9625	429815	4853135	AM	34	0.000323206205559147	9.74801384217966e-05	3094	41034
1	-1	9625	429815	4853135	AM	44	0.00197963800904977	2.45278390973755e-05	3536	40770
1	-1	9625	429815	4853135	AM	54	0.00144962551340904	9.98826379004669e-05	4139	40047
1	-1	9625	429815	4853135	AM	64	0.00104210087536474	7.59820682318973e-05	4798	39483
1	-1	9625	429815	4853135	AM	74	0.00233435087089244	7.76317151433599e-05	5569	38644
1	-1	9625	429815	4853135	AM	84	0.00245593759029182	0.000320358801858081	6922	37458
1	-1	9625	429815	4853135	AM	94	0.00307202184548868	0.000590086546026751	8789	35588
1	-1	9625	429815	4853135	AMs	9	0.0013080444735121	4.68175753177743e-05	1529	42719
1	-1	9625	429815	4853135	AMs	19	0.000464684014869888	2.34863074827376e-05	2152	42578
1	-1	9625	429815	4853135	AMs	29	0.00112065745237206	4.81359358829334e-05	2677	41549
1	-1	9625	429815	4853135	AMs	39	0.000636334712058543	2.42972033918896e-05	3143	41157
1	-1	9625	429815	4853135	AMs	49	0.000535905680600214	4.92926504658155e-05	3732	40574
1	-1	9625	429815	4853135	AMs	59	0.00203252032520325	0.000199760287654814	4428	40048
1	-1	9625	429815	4853135	AMs	69	0.00174013921113689	0.000102137221356893	5172	39163
1	-1	9625	429815	4853135	AMs	79	0.000498670212765957	0.000130490382858783	6016	38317
1	-1	9625	429815	4853135	AMs	89	0.00106411279595637	0.000624524818073205	7518	36828
1	-1	9625	429815	4853135	AMs	99	0.00771170102328341	0.00567022000453618	13486	30863
1	-1	9625	429815	4853135	As	6	0.000775193798449612	0	1290	43028
1	-1	9625	429815	4853135	As	16	0	0	1928	42593
1	-1	9625	429815	4853135	As	26	0.000404040404040404	0	2475	41312
1	-1	9625	429815	4853135	As	36	0.000650195058517555	4.87186982363831e-05	3076	41052
1	-1	9625	429815	4853135	As	46	0	0	3551	40758
1	-1	9625	429815	4853135	As	56	0.00117343346632246	9.94332305856617e-05	4261	40228
1	-1	9625	429815	4853135	As	66	0.00160868690931028	0.00010192900644701	4973	39243
1	-1	9625	429815	4853135	As	76	0.00106269925611052	0.000284002891665806	5646	38732
1	-1	9625	429815	4853135	As	86	0.00219202104340202	0.000426723563141752	6843	37495
1	-1	9625	429815	4853135	As	96	0.00398009950248756	0.00178076193256459	10050	34255
1	-1	9625	429815	4853135	D	28	0.00236294896030246	0.00011260627216936	8464	71044
1	-1	9625	429815	4853135	D	38	0.00103555402140145	0.000135106444577406	5794	51811
1	-1	9625	429815	4853135	D	48	0.0028122802906023	0.000324859904166328	4267	36939
1	-1	9625	429815	4853135	D	58	0.00332746134272852	0.000310218107192288	5109	41906
1	-1	9625	429815	4853135	D	78	0.00298648223828985	0.000210163507208608	6362	47582
1	-1	9625	429815	4853135	D	88	0.00111061750333185	0.000427663734115347	4502	32736
1	-1	9625	429815	4853135	D	98	0.00348140927447431	0.000567089106957937	7181	40558
1	-1	9625	429815	4853135	Ds	3	0	0	764	35203
1	-1	9625	429815	4853135	Ds	13	0	1.30876348026385e-05	3118	76408
1	-1	9625	429815	4853135	Ds	23	0.000728862973760933	5.93418983473281e-05	2744	33703
1	-1	9625	429815	4853135	Ds	33	0.000281452293836195	0	3553	34084
1	-1	9625	429815	4853135	Ds	43	0.0015530964861192	1.95430827258692e-05	5151	51169
1	-1	9625	429815	4853135	Ds	53	0	0	40	971
1	-1	9625	429815	4853135	Ds	63	0.00142363229611552	4.07340271695961e-05	4917	49099
1	-1	9625	429815	4853135	Ds	73	0.00144848814050335	2.14472611847467e-05	5523	46626
1	-1	9625	429815	4853135	Ds	83	0.000847888756995082	5.08349642884376e-05	5897	39343
1	-1	9625	429815	4853135	Ds	93	0.00377358490566038	0.00139168962481184	8480	35209
1	-1	9625	429815	4853135	M	9	0.000394321766561514	0	2536	36951
1	-1	9625	429815	4853135	M	69	0.00170815031722792	5.29366612847728e-05	4098	37781
1	-1	9625	429815	4853135	M	79	0.00217606330365974	5.07627097134445e-05	5055	39399
1	-1	9625	429815	4853135	M	89	0.00377714825306893	0.000393421984420489	6354	38127
1	-1	9625	429815	4853135	M	99	0.0202834481861917	0.00843101525741793	7691	36769
1	-1	9625	429815	4853135	Ms	4	0.000513347022587269	2.44337478925892e-05	1948	40927
1	-1	9625	429815	4853135	Ms	14	0	0	275	3660
1	-1	9625	429815	4853135	Ms	24	0	0	223	2857
1	-1	9625	429815	4853135	Ms	34	0.00609756097560976	0	164	2322
1	-1	9625	429815	4853135	Ms	44	0	0	148	2124
1	-1	9625	429815	4853135	Ms	54	0	0	156	1950
1	-1	9625	429815	4853135	Ms	64	0.000628930817610063	4.52427272315975e-05	4770	44206
1	-1	9625	429815	4853135	Ms	74	0.0011187768040276	2.1253081696846e-05	5363	47052
1	-1	9625	429815	4853135	Ms	84	0.00180147721131328	0.000127401518626102	5551	39246
1	-1	9625	429815	4853135	Ms	94	0.00333715715924497	0.000460657012063455	9589	34733
1	-1	9625	429815	4853135	A	0	0.00203942895989123	2.33972859148339e-05	1471	42740
1	-1	9625	429815	4853135	A	10	0.00125234815278647	0	1597	42647
1	-1	9625	429815	4853135	A	20	0.000442869796279894	4.73092844470727e-05	2258	42275
1	-1	9625	429815	4853135	A	30	0.00141843971631206	0	2820	41317
1	-1	9625	429815	4853135	A	40	0.000591715976331361	2.45218244237371e-05	3380	40780
1	-1	9625	429815	4853135	A	50	0.00175350701402806	7.42243554851799e-05	3992	40418
1	-1	9625	429815	4853135	A	60	0.000850882790895554	0.000125707102451288	4701	39775
1	-1	9625	429815	4853135	A	70	0.00201834862385321	0.000153735779440402	5450	39028
1	-1	9625	429815	4853135	A	80	0.00171660424469413	0.000184516435142473	6408	37937
1	-1	9625	429815	4853135	A	90	0.00299479166666667	0.00065459306131355	7680	36664
1	-1	9625	429815	4853135	AM	3	0.00171086398631309	2.32158610762873e-05	1169	43074
1	-1	9625	429815	4853135	AM	13	0.00169300225733634	2.34488580406134e-05	1772	42646
1	-1	9625	429815	4853135	AM	23	0	2.37913970308337e-05	2520	42032
1	-1	9625	429815	4853135	AM	33	0.00101694915254237	2.4124870328822e-05	2950	41451
1	-1	9625	429815	4853135	AM	43	0.000864055299539171	0.000122112050017096	3472	40946
1	-1	9625	429815	4853135	AM	53	0.00148367952522255	7.40978585718873e-05	4044	40487
1	-1	9625	429815	4853135	AM	63	0.00144508670520231	0	4844	39366
1	-1	9625	429815	4853135	AM	73	0.00106307583274274	0.00012887594401629	5644	38797
1	-1	9625	429815	4853135	AM	83	0.00105105105105105	0.000424470738048496	6660	37694
1	-1	9625	429815	4853135	AM	93	0.00207972270363951	0.000954466341025209	8655	35622
1	-1	9625	429815	4853135	AMs	8	0	0	1457	42810
1	-1	9625	429815	4853135	AMs	18	0.0014436958614052	0	2078	41751
1	-1	9625	429815	4853135	AMs	28	0.00151745068285281	0	2636	41583
1	-1	9625	429815	4853135	AMs	38	0.00159642401021711	0	3132	41407
1	-1	9625	429815	4853135	AMs	48	0.00223651104277327	2.47322731432246e-05	3577	40433
1	-1	9625	429815	4853135	AMs	58	0.000712419852766564	5.01328520579536e-05	4211	39894
1	-1	9625	429815	4853135	AMs	68	0.00180216259511414	2.54304096839e-05	4994	39323
1	-1	9625	429815	4853135	AMs	78	0.00133200133200133	0.000182667466924141	6006	38321
1	-1	9625	429815	4853135	AMs	88	0.00134426670251378	0.00029760294356366	7439	36962
1	-1	9625	429815	4853135	AMs	98	0.0066146540027137	0.00316280783639379	11792	32566
1	-1	9625	429815	4853135	As	5	0.0008058017727639	2.32790930465349e-05	1241	42957
1	-1	9625	429815	4853135	As	15	0.00209095661265029	0	1913	42129
1	-1	9625	429815	4853135	As	25	0.00160320641282565	2.38481350758371e-05	2495	41932
1	-1	9625	429815	4853135	As	35	0.00066511473229132	9.66323621780934e-05	3007	41394
1	-1	9625	429815	4853135	As	45	0.000276548672566372	7.36395100517931e-05	3616	40739
1	-1	9625	429815	4853135	As	55	0.000744416873449132	4.96795667941776e-05	4030	40258
1	-1	9625	429815	4853135	As	65	0.00147492625368732	0.000201005025125628	4746	39800
1	-1	9625	429815	4853135	As	75	0.00106364119836908	0.000129376148213315	5641	38647
1	-1	9625	429815	4853135	As	85	0.00160537069468768	0.000293294227436342	6852	37505
1	-1	9625	429815	4853135	As	95	0.00445009535918627	0.00128910278446201	9438	34908
1	-1	9625	429815	4853135	D	7	0.000927858965437254	3.3141847105612e-05	4311	90520
1	-1	9625	429815	4853135	D	17	0.00126757317354229	0.000136712875618626	8678	73146
1	-1	9625	429815	4853135	D	37	0.00180891300772899	0.000169103002517756	6081	53222
1	-1	9625	429815	4853135	D	47	0.00220345207491737	0.000162465137689204	8169	73862
1	-1	9625	429815	4853135	D	57	0.00442321302193914	0.000384485990291729	5652	41614
1	-1	9625	429815	4853135	D	67	0.0009214466712739	0.000146103680484533	4341	75289
1	-1	9625	429815	4853135	D	77	0.00153657037492317	0.000204256709832918	6508	48958
1	-1	9625	429815	4853135	D	87	0.00336700336700337	0.000221217962898587	4158	31643
1	-1	9625	429815	4853135	D	97	0.00466592011944755	0.000836281762624638	5358	31090
1	-1	9625	429815	4853135	Ds	2	0	0	771	32276
1	-1	9625	429815	4853135	Ds	12	0.000798722044728434	3.52007321752292e-05	2504	56817
1	-1	9625	429815	4853135	Ds	22	0.000467508181393174	0.000101648742605054	4278	49189
1	-1	9625	429815	4853135	Ds	32	0.0014265335235378	3.54534496206481e-05	5608	56412
1	-1	9625	429815	4853135	Ds	42	0.000609942055504727	3.38043404773173e-05	3279	29582
1	-1	9625	429815	4853135	Ds	52	0.0010213200561726	1.31288730175402e-05	7833	76168
1	-1	9625	429815	4853135	Ds	62	0.000345065562456867	4.00096023045531e-05	2898	24994
1	-1	9625	429815	4853135	Ds	72	0.00106175898071138	0.000122284270166714	5651	49066
1	-1	9625	429815	4853135	Ds	82	0.00234309623430962	0.000117963478507054	5975	42386
1	-1	9625	429815	4853135	Ds	92	0.00334101382488479	0.00117591063079206	8680	35717
1	-1	9625	429815	4853135	M	8	0.000473260766682442	0	2113	37210
1	-1	9625	429815	4853135	M	18	0	0	156	1862
1	-1	9625	429815	4853135	M	28	0	0	57	968
1	-1	9625	429815	4853135	M	38	0	0	62	959
1	-1	9625	429815	4853135	M	48	0	0	58	817
1	-1	9625	429815	4853135	M	58	0	0	159	1763
1	-1	9625	429815	4853135	M	68	0.000416406412658755	4.53586737123807e-05	4803	44093
1	-1	9625	429815	4853135	M	78	0.000775043596202286	2.56140979995389e-05	5161	39041
1	-1	9625	429815	4853135	M	88	0.00304145990075236	0.000314811899889816	6247	38118
1	-1	9625	429815	4853135	M	98	0.0105000656254102	0.00304463654651226	7619	36786
1	-1	9625	429815	4853135	Ms	3	0.000656598818122127	2.4588148512417e-05	1523	40670
1	-1	9625	429815	4853135	Ms	13	0.00645161290322581	0	155	2767
1	-1	9625	429815	4853135	Ms	23	0	0	140	2433
1	-1	9625	429815	4853135	Ms	33	0	0	144	2198
1	-1	9625	429815	4853135	Ms	43	0	0.000262123197903014	280	3815
1	-1	9625	429815	4853135	Ms	53	0	0	83	1400
1	-1	9625	429815	4853135	Ms	63	0.000459347726228755	0	4354	42099
1	-1	9625	429815	4853135	Ms	73	0.000827300930713547	4.61936437546194e-05	4835	43296
1	-1	9625	429815	4853135	Ms	83	0.00269905533063428	5.1045149434675e-05	5187	39181
1	-1	9625	429815	4853135	Ms	93	0.00163540163540164	0.000501901944209636	10395	37856
1	-1	9625	429815	4853135	A	8	0.000657030223390276	0	1522	42744
1	-1	9625	429815	4853135	A	18	0.000466853408029879	0	2142	42155
1	-1	9625	429815	4853135	A	28	0.00108616944243302	2.40656510961904e-05	2762	41553
1	-1	9625	429815	4853135	A	38	0.00154273372415921	7.26374664051718e-05	3241	41301
1	-1	9625	429815	4853135	A	48	0.00185283218634198	0.000123578843302027	3778	40460
1	-1	9625	429815	4853135	A	58	0.00154355016538037	0.000125451625853071	4535	39856
1	-1	9625	429815	4853135	A	68	0.00210003818251241	0.000332616927643025	5238	39084
1	-1	9625	429815	4853135	A	78	0.00259151279559443	0.000236394200462282	6174	38072
1	-1	9625	429815	4853135	A	88	0.00215546275090934	0.000678407641583675	7423	36851
1	-1	9625	429815	4853135	A	98	0.0031813361611877	0.00091669531339521	9430	34908
1	-1	9625	429815	4853135	AM	1	0.00269541778975741	4.63994060876021e-05	1113	43104
1	-1	9625	429815	4853135	AM	11	0.000587544065804935	0	1702	42495
1	-1	9625	429815	4853135	AM	21	0.00128150363092695	7.12419852766564e-05	2341	42110
1	-1	9625	429815	4853135	AM	31	0.00106609808102345	2.41068415216238e-05	2814	41482
1	-1	9625	429815	4853135	AM	41	0.000611995104039168	0	3268	40867
1	-1	9625	429815	4853135	AM	51	0.00153885611695306	4.95908752789487e-05	3899	40330
1	-1	9625	429815	4853135	AM	61	0.00156145438322552	0.000151408095286161	4483	39628
1	-1	9625	429815	4853135	AM	71	0.00130890052356021	2.58438000723626e-05	5348	38694
1	-1	9625	429815	4853135	AM	81	0.00215185982170304	0.000264529270163744	6506	37803
1	-1	9625	429815	4853135	AM	91	0.00269839322948608	0.000497526189225794	8153	36179
1	-1	9625	429815	4853135	AMs	6	0.00237717908082409	0	1262	42973
1	-1	9625	429815	4853135	AMs	16	0.00101317122593718	2.3665838362324e-05	1974	42255
1	-1	9625	429815	4853135	AMs	26	0.002356637863315	2.40865187754414e-05	2546	41517
1	-1	9625	429815	4853135	AMs	36	0.001	2.42136613477324e-05	3000	41299
1	-1	9625	429815	4853135	AMs	46	0.00115673799884326	7.3782587309395e-05	3458	40660
1	-1	9625	429815	4853135	AMs	56	0.000730104648332928	7.4643576920206e-05	4109	40191
1	-1	9625	429815	4853135	AMs	66	0.00165084605860504	0.000101183851057371	4846	39532
1	-1	9625	429815	4853135	AMs	76	0.001208772232775	0.000129860010908241	5791	38503
1	-1	9625	429815	4853135	AMs	86	0.00200486896749248	0.000134066228716986	6983	37295
1	-1	9625	429815	4853135	AMs	96	0.00544203717014067	0.00173450508788159	9739	34592
1	-1	9625	429815	4853135	As	3	0.00172413793103448	0	1160	43052
1	-1	9625	429815	4853135	As	13	0.00112422709387296	0	1779	42503
1	-1	9625	429815	4853135	As	23	0.00089086859688196	2.3885730664501e-05	2245	41866
1	-1	9625	429815	4853135	As	33	0.00135180804325786	7.23903286520921e-05	2959	41442
1	-1	9625	429815	4853135	As	43	0.000583771161704612	7.31225778146099e-05	3426	41027
1	-1	9625	429815	4853135	As	53	0.00173783515392254	2.47880620693074e-05	4028	40342
1	-1	9625	429815	4853135	As	63	0.00127172530733362	7.58917278016696e-05	4718	39530
1	-1	9625	429815	4853135	As	73	0.00129222817057412	0.000257056192483677	5417	38902
1	-1	9625	429815	4853135	As	83	0.00140515222482436	0.00023696682464455	6405	37980
1	-1	9625	429815	4853135	As	93	0.00282965478211658	0.000900951630159356	8835	35518
1	-1	9625	429815	4853135	D	5	0.00125431169645657	3.81966106874117e-05	3189	78541
1	-1	9625	429815	4853135	D	15	0.0013183125599233	0.000230552240425301	8344	73736
1	-1	9625	429815	4853135	D	25	0.00211134570507834	0.000137885389664111	8999	72524
1	-1	9625	429815	4853135	D	45	0.00204918032786885	0.000284670493903307	4880	42154
1	-1	9625	429815	4853135	D	55	0.00320448628079311	0.000429357983532859	4993	39594
1	-1	9625	429815	4853135	D	75	0.00136757331712506	0.000201990524808109	6581	54458
1	-1	9625	429815	4853135	D	85	0.00181721004810262	0.000129141496032486	9355	69691
1	-1	9625	429815	4853135	D	95	0.0023989898989899	0.000521567794154577	7920	51767
1	-1	9625	429815	4853135	Ds	0	0	0	568	30151
1	-1	9625	429815	4853135	Ds	10	0.001171875	0	2560	69098
1	-1	9625	429815	4853135	Ds	20	0.00119904076738609	2.88035025059047e-05	2502	34718
1	-1	9625	429815	4853135	Ds	30	0.000951293759512938	3.74686200307243e-05	5256	53378
1	-1	9625	429815	4853135	Ds	40	0.000899280575539568	3.32911645249351e-05	3336	30038
1	-1	9625	429815	4853135	Ds	50	0.000679255535932618	4.05279440174e-05	7361	74023
1	-1	9625	429815	4853135	Ds	60	0.000985221674876847	0	4060	36021
1	-1	9625	429815	4853135	Ds	70	0.000837754817090198	5.97567898652484e-05	3581	33469
1	-1	9625	429815	4853135	Ds	80	0.00042863266180883	8.22593912805045e-05	4666	36470
1	-1	9625	429815	4853135	Ds	90	0.0014934660858743	0.000109505037231713	8035	36528
1	-1	9625	429815	4853135	M	6	0.000407830342577488	0	2452	45542
1	-1	9625	429815	4853135	M	36	0	0	52	816
1	-1	9625	429815	4853135	M	46	0	0	41	764
1	-1	9625	429815	4853135	M	56	0	0	52	683
1	-1	9625	429815	4853135	M	66	0.000982897582071948	0	5087	45674
1	-1	9625	429815	4853135	M	76	0.00106666666666667	0.000150806816468104	5625	39786
1	-1	9625	429815	4853135	M	86	0.00150602409638554	0.00020732908308713	5976	38586
1	-1	9625	429815	4853135	M	96	0.00771834800270819	0.00159390533823212	7385	37016
1	-1	9625	429815	4853135	Ms	1	0.000668449197860963	0	1496	43493
1	-1	9625	429815	4853135	Ms	11	0	6.44911647104347e-05	1040	15506
1	-1	9625	429815	4853135	Ms	21	0.00401606425702811	0	249	3448
1	-1	9625	429815	4853135	Ms	31	0.00467289719626168	0	214	2415
1	-1	9625	429815	4853135	Ms	41	0	0	113	1580
1	-1	9625	429815	4853135	Ms	51	0	0	387	4854
1	-1	9625	429815	4853135	Ms	61	0.000305157155935307	8.70747741818172e-06	180235	1952345
1	-1	9625	429815	4853135	Ms	71	0.00144240675870596	4.61212065307628e-05	4853	43364
1	-1	9625	429815	4853135	Ms	81	0.00247116968698517	4.70123642517982e-05	6070	42542
1	-1	9625	429815	4853135	Ms	91	0.00600652136605457	0.000542986425339367	5827	38675
1	-1	9625	429815	4853135	A	2	0	2.31358304606344e-05	1058	43223
1	-1	9625	429815	4853135	A	12	0	2.35277509822836e-05	1744	42503
1	-1	9625	429815	4853135	A	22	0.00165837479270315	0	2412	41923
1	-1	9625	429815	4853135	A	32	0.00135915732246007	9.65623792970259e-05	2943	41424
1	-1	9625	429815	4853135	A	42	0.000594353640416047	7.34304246726227e-05	3365	40855
1	-1	9625	429815	4853135	A	52	0.000991571641051066	0.000148813214613458	4034	40319
1	-1	9625	429815	4853135	A	62	0.00147368421052632	7.58245924428156e-05	4750	39565
1	-1	9625	429815	4853135	A	72	0.00212803688597269	0.000336125762746923	5639	38676
1	-1	9625	429815	4853135	A	82	0.00120210368144252	0.000451623186865735	6655	37642
1	-1	9625	429815	4853135	A	92	0.00363955823293173	0.000712953822529341	7968	36468
1	-1	9625	429815	4853135	AM	5	0.000786163522012579	2.33073068406946e-05	1272	42905
1	-1	9625	429815	4853135	AM	15	0.00163487738419619	0	1835	42242
1	-1	9625	429815	4853135	AM	25	0.000384615384615385	2.39865675221876e-05	2600	41690
1	-1	9625	429815	4853135	AM	35	0.00165562913907285	2.41516725033209e-05	3020	41405
1	-1	9625	429815	4853135	AM	45	0.000832870627429206	7.36051818047991e-05	3602	40758
1	-1	9625	429815	4853135	AM	55	0.001194743130227	4.97599084417685e-05	4185	40193
1	-1	9625	429815	4853135	AM	65	0.00121163166397415	0	4952	39631
1	-1	9625	429815	4853135	AM	75	0.00153348100187425	0.000181549394403092	5869	38557
1	-1	9625	429815	4853135	AM	85	0.00222593210907067	0.00018879628880438	7188	37077
1	-1	9625	429815	4853135	AM	95	0.00299900033322226	0.000876944837340877	9003	35350
1	-1	9625	429815	4853135	AMs	0	0.00288184438040346	0.000116836078981189	1388	42795
1	-1	9625	429815	4853135	AMs	10	0.000648508430609598	2.33857954678328e-05	1542	42761
1	-1	9625	429815	4853135	AMs	20	0.000457247370827618	4.74935290066728e-05	2187	42111
1	-1	9625	429815	4853135	AMs	30	0.00146305779078274	0	2734	41272
1	-1	9625	429815	4853135	AMs	40	0.000920810313075506	7.38606987222099e-05	3258	40617
1	-1	9625	429815	4853135	AMs	50	0.000528122524425667	4.90484598783598e-05	3787	40776
1	-1	9625	429815	4853135	AMs	60	0.00198281559814937	5.02626222010002e-05	4539	39791
1	-1	9625	429815	4853135	AMs	70	0.00194969779684149	5.11705257771524e-05	5129	39085
1	-1	9625	429815	4853135	AMs	80	0.00161655350792111	0.000236022238539809	6186	38132
1	-1	9625	429815	4853135	AMs	90	0.00259909031838856	0.00038198139204933	7695	36651
1	-1	9625	429815	4853135	As	7	0.000707714083510262	0	1413	42854
1	-1	9625	429815	4853135	As	17	0.000509424350483953	2.3522216733705e-05	1963	42513
1	-1	9625	429815	4853135	As	27	0.00194552529182879	9.50344499881207e-05	2570	42090
1	-1	9625	429815	4853135	As	37	0.0013076168682576	7.27554930397245e-05	3059	41234
1	-1	9625	429815	4853135	As	47	0.000825536598789213	4.91159135559921e-05	3634	40720
1	-1	9625	429815	4853135	As	57	0.000484027105517909	5.00250125062531e-05	4132	39980
1	-1	9625	429815	4853135	As	67	0.000839630562552477	0.000101350495350546	4764	39467
1	-1	9625	429815	4853135	As	77	0.00186535526538918	0.000182529335071708	5897	38350
1	-1	9625	429815	4853135	As	87	0.00281531531531532	0.000537186752974672	7104	37231
1	-1	9625	429815	4853135	As	97	0.00563094249053817	0.00205785863405905	10833	33530
1	-1	9625	429815	4853135	D	19	0.000756674954059021	0.000281705255815201	9251	74546
1	-1	9625	429815	4853135	D	49	0.00406607369758577	0.000322968965618486	3935	34059
1	-1	9625	429815	4853135	D	59	0.00188714851858841	0.000231600617601647	5299	38860
1	-1	9625	429815	4853135	D	69	0.00020755500207555	6.2266500622665e-05	4818	64240
1	-1	9625	429815	4853135	D	79	0.00119780971937029	0.000111326342039053	5844	44913
1	-1	9625	429815	4853135	D	89	0.0015280506439642	0.000237205716657771	4581	33726
1	-1	9625	429815	4853135	D	99	0.00379075056861259	0.000730477402328102	6595	42438
1	-1	9625	429815	4853135	Ds	4	0.00088339222614841	0	1132	38353
1	-1	9625	429815	4853135	Ds	14	0	0	2342	42141
1	-1	9625	429815	4853135	Ds	24	0.00113455865668255	2.03674284084891e-05	4407	49098
1	-1	9625	429815	4853135	Ds	34	0	0	45	1079
1	-1	9625	429815	4853135	Ds	44	0.000643293663557414	3.60321406694772e-05	3109	27753
1	-1	9625	429815	4853135	Ds	54	0.000601684717208183	2.47044727447904e-05	8310	80957
1	-1	9625	429815	4853135	Ds	64	0.00109130592942888	0	2749	22091
1	-1	9625	429815	4853135	Ds	74	0.00269374222958972	4.85142510612492e-05	4826	41225
1	-1	9625	429815	4853135	Ds	84	0.000922339051835455	5.30068113752617e-05	5421	37731
1	-1	9625	429815	4853135	Ds	94	0.00477005870841487	0.00167997796750207	8176	36310
1	-1	9625	429815	4853135	M	0	0	0	1196	40411
1	-1	9625	429815	4853135	M	10	0	5.24150221453469e-05	2667	38157
1	-1	9625	429815	4853135	M	20	0	0	61	908
1	-1	9625	429815	4853135	M	30	0	0	31	653
1	-1	9625	429815	4853135	M	40	0	0	47	731
1	-1	9625	429815	4853135	M	50	0	0	88	1187
1	-1	9625	429815	4853135	M	60	0.000303758468623377	1.11340878196116e-05	184357	1975914
1	-1	9625	429815	4853135	M	70	0.00139431121026213	3.32745482980069e-05	3586	30053
1	-1	9625	429815	4853135	M	80	0.0024766622213755	0.00015455154293957	5249	38822
1	-1	9625	429815	4853135	M	90	0.00385030032342523	0.000289855072463768	6493	37950
1	-1	9625	429815	4853135	Ms	5	0.000504540867810293	2.7877672771877e-05	1982	35871
1	-1	9625	429815	4853135	Ms	15	0	0	47	770
1	-1	9625	429815	4853135	Ms	25	0	0	154	2366
1	-1	9625	429815	4853135	Ms	35	0	0	270	3601
1	-1	9625	429815	4853135	Ms	45	0	0	108	1490
1	-1	9625	429815	4853135	Ms	55	0	0	338	4186
1	-1	9625	429815	4853135	Ms	65	0.000880540064572938	3.17793243715639e-05	3407	31467
1	-1	9625	429815	4853135	Ms	75	0.000588928150765607	0	5094	40988
1	-1	9625	429815	4853135	Ms	85	0.0023486901535682	0.00010256673248032	5535	38999
1	-1	9625	429815	4853135	Ms	95	0.00424223141372362	0.000946073793755913	9429	34881
1	-1	9625	429815	4853135	A	3	0.000911577028258888	2.31717490036148e-05	1097	43156
1	-1	9625	429815	4853135	A	13	0.000556173526140156	0	1798	42442
1	-1	9625	429815	4853135	A	23	0	7.1599045346062e-05	2488	41900
1	-1	9625	429815	4853135	A	33	0	4.85542958413246e-05	3067	41191
1	-1	9625	429815	4853135	A	43	0.0011328235627301	2.46372169799699e-05	3531	40589
1	-1	9625	429815	4853135	A	53	0	2.49744012387303e-05	4099	40041
1	-1	9625	429815	4853135	A	63	0.00222356984030726	0.000305211486125595	4947	39317
1	-1	9625	429815	4853135	A	73	0.00320398718405126	0.000360899154464838	5618	38792
1	-1	9625	429815	4853135	A	83	0.00373134328358209	0.000477846505083756	6700	37669
1	-1	9625	429815	4853135	A	93	0.00305885231861006	0.00110549152917116	8173	36183
1	-1	9625	429815	4853135	AM	6	0.000786163522012579	0	1272	42969
1	-1	9625	429815	4853135	AM	16	0	7.13097218920846e-05	2063	42070
1	-1	9625	429815	4853135	AM	26	0.00117647058823529	0	2550	41772
1	-1	9625	429815	4853135	AM	36	0.0016239038648912	0	3079	41240
1	-1	9625	429815	4853135	AM	46	0.000829646017699115	2.4634789249378e-05	3616	40593
1	-1	9625	429815	4853135	AM	56	0.000485201358563804	7.49625187406297e-05	4122	40020
1	-1	9625	429815	4853135	AM	66	0.00205676676264912	0.000229001806569807	4862	39301
1	-1	9625	429815	4853135	AM	76	0.00237047070775483	0.000288865546218487	5906	38080
1	-1	9625	429815	4853135	AM	86	0.00137494843943352	0.000404563476009386	7273	37077
1	-1	9625	429815	4853135	AM	96	0.00375214408233276	0.00105768681035961	9328	34982
1	-1	9625	429815	4853135	AMs	1	0.00377002827521206	2.3192708212538e-05	1061	43117
1	-1	9625	429815	4853135	AMs	11	0.0017931858936043	2.3477485091797e-05	1673	42594
1	-1	9625	429815	4853135	AMs	21	0	0	2329	41923
1	-1	9625	429815	4853135	AMs	31	0.00176865935620799	9.58956655159187e-05	2827	41712
1	-1	9625	429815	4853135	AMs	41	0.0009000900090009	0.000120799207557198	3333	41391
1	-1	9625	429815	4853135	AMs	51	0.00129668049792531	4.9538057612761e-05	3856	40373
1	-1	9625	429815	4853135	AMs	61	0.00132772737331268	0.000100331092605598	4519	39868
1	-1	9625	429815	4853135	AMs	71	0.000370507595405706	0.000205359893212856	5398	38956
1	-1	9625	429815	4853135	AMs	81	0.00141888696200536	0.000157890581826794	6343	38001
1	-1	9625	429815	4853135	AMs	91	0.00302762709726252	0.000494505494505495	7927	36400
1	-1	9625	429815	4853135	As	8	0.00140350877192982	4.66624670446327e-05	1425	42861
1	-1	9625	429815	4853135	As	18	0.000476190476190476	2.36882624659481e-05	2100	42215
1	-1	9625	429815	4853135	As	28	0.00151630022744503	0	2638	41751
1	-1	9625	429815	4853135	As	38	0.000322788896061975	0	3098	41336
1	-1	9625	429815	4853135	As	48	0.00054839594187003	2.45615758707079e-05	3647	40714
1	-1	9625	429815	4853135	As	58	0.00208719851576994	0.000125596583772921	4312	39810
1	-1	9625	429815	4853135	As	68	0.00158196559224837	0.000127890321260487	5057	39096
1	-1	9625	429815	4853135	As	78	0.000851208716377256	0.000415325511369536	5874	38524
1	-1	9625	429815	4853135	As	88	0.00249445676274945	0.000619996226109928	7216	37097
1	-1	9625	429815	4853135	As	98	0.00615858352578907	0.00287910808906858	11691	32649
1	-1	9625	429815	4853135	D	0	0	0	589	33971
1	-1	9625	429815	4853135	D	10	0.000713139597076128	6.53851183470642e-05	5609	91764
1	-1	9625	429815	4853135	D	30	0.000999125764955664	0.000245534344116383	8007	65164
1	-1	9625	429815	4853135	D	40	0.00171144959780934	0.000310504764307477	5843	51529
1	-1	9625	429815	4853135	D	50	0.00339071465832029	0.000424770168997846	3834	32959
1	-1	9625	429815	4853135	D	60	0	9.99250562078441e-05	843	20015
1	-1	9625	429815	4853135	D	70	0.000905961224859576	0.00018226707096817	5519	60351
1	-1	9625	429815	4853135	D	80	0	0.000770712909441233	356	2595
1	-1	9625	429815	4853135	D	90	0.00170979140544854	0.000384843577121049	8773	62363
1	-1	9625	429815	4853135	Ds	5	0.000934579439252336	0	1070	42449
1	-1	9625	429815	4853135	Ds	15	0	0	9	258
1	-1	9625	429815	4853135	Ds	25	0.000693721817551162	0	2883	34142
1	-1	9625	429815	4853135	Ds	35	0.000848086504823492	3.28127050794067e-05	9433	91428
1	-1	9625	429815	4853135	Ds	45	0.0014201663623453	0	4929	48636
1	-1	9625	429815	4853135	Ds	55	0.00719424460431655	0	139	2296
1	-1	9625	429815	4853135	Ds	65	0.000739973360959006	3.12075771997441e-05	6757	64087
1	-1	9625	429815	4853135	Ds	75	0.000820008200082001	7.30602503531245e-05	4878	41062
1	-1	9625	429815	4853135	Ds	85	0.00108303249097473	7.32064421669107e-05	5540	40980
1	-1	9625	429815	4853135	Ds	95	0.00748611446510505	0.00200521906331548	8282	36405
1	-1	9625	429815	4853135	M	1	0.00069589422407794	0	1437	41930
1	-1	9625	429815	4853135	M	11	0.0010183299389002	7.1471965121681e-05	1964	27983
1	-1	9625	429815	4853135	M	31	0	0	33	551
1	-1	9625	429815	4853135	M	41	0	0	67	853
1	-1	9625	429815	4853135	M	51	0	0	119	1321
1	-1	9625	429815	4853135	M	61	0.0010752688172043	2.70350644786288e-05	3720	36989
1	-1	9625	429815	4853135	M	71	0.00135135135135135	9.59840282576979e-05	5920	52092
1	-1	9625	429815	4853135	M	81	0.00175284837861525	0.0001835824809861	5705	38130
1	-1	9625	429815	4853135	M	91	0.00410271995137517	0.00039817370991718	6581	37672
1	-1	9625	429815	4853135	Ms	6	0.000878734622144112	0	2276	41724
1	-1	9625	429815	4853135	Ms	16	0	0	48	820
1	-1	9625	429815	4853135	Ms	26	0	0	122	1825
1	-1	9625	429815	4853135	Ms	36	0	0	180	2545
1	-1	9625	429815	4853135	Ms	46	0	0	166	2203
1	-1	9625	429815	4853135	Ms	56	0	0	217	2844
1	-1	9625	429815	4853135	Ms	66	0.000978952520802741	2.63220236371772e-05	4086	37991
1	-1	9625	429815	4853135	Ms	76	0.000401848503114326	0.000131044424059756	4977	38155
1	-1	9625	429815	4853135	Ms	86	0.00337897919260181	0.000229305205228159	5623	39249
1	-1	9625	429815	4853135	Ms	96	0.00593952483801296	0.00173724831259078	9260	35113
1	-1	9625	429815	4853135	A	5	0	0	1225	43116
1	-1	9625	429815	4853135	A	15	0.00100755667506297	0	1985	42222
1	-1	9625	429815	4853135	A	25	0.000793650793650794	7.19062342705113e-05	2520	41721
1	-1	9625	429815	4853135	A	35	0.000971188086759469	7.28013977868375e-05	3089	41208
1	-1	9625	429815	4853135	A	45	0.00163889647637258	2.46026669290951e-05	3661	40646
1	-1	9625	429815	4853135	A	55	0.00216815225246928	9.99225600159876e-05	4151	40031
1	-1	9625	429815	4853135	A	65	0.00243506493506494	0.000279024934682799	4928	39423
1	-1	9625	429815	4853135	A	75	0.00239275337549137	0.000338268585256694	5851	38431
1	-1	9625	429815	4853135	A	85	0.00281773691235355	0.000399116621876912	6743	37583
1	-1	9625	429815	4853135	A	95	0.00229147571035747	0.00101234498467422	8728	35561
1	-1	9625	429815	4853135	AM	8	0	2.34170101161484e-05	1490	42704
1	-1	9625	429815	4853135	AM	18	0.000959232613908873	4.75273876571374e-05	2085	42081
1	-1	9625	429815	4853135	AM	28	0.000750187546886722	0	2666	41469
1	-1	9625	429815	4853135	AM	38	0.000311817898347365	7.25952813067151e-05	3207	41325
1	-1	9625	429815	4853135	AM	48	0.00136351240796291	9.83864620228257e-05	3667	40656
1	-1	9625	429815	4853135	AM	58	0.00112309074573226	0.000200747785500991	4452	39851
1	-1	9625	429815	4853135	AM	68	0.00174317257408483	0.0001525824581034	5163	39323
1	-1	9625	429815	4853135	AM	78	0.00147323620887216	0.000367039823820885	6109	38143
1	-1	9625	429815	4853135	AM	88	0.00188323917137476	0.000433898305084746	7434	36875
1	-1	9625	429815	4853135	AM	98	0.00493680884676145	0.00245520708502616	10128	34213
1	-1	9625	429815	4853135	AMs	3	0.000922509225092251	2.3235280449835e-05	1084	43038
1	-1	9625	429815	4853135	AMs	13	0.000560852495793606	2.35194505856343e-05	1783	42518
1	-1	9625	429815	4853135	AMs	23	0.000419991600167997	2.36927523870448e-05	2381	42207
1	-1	9625	429815	4853135	AMs	33	0.00102845389098389	2.40587032358956e-05	2917	41565
1	-1	9625	429815	4853135	AMs	43	0.000864304235090752	9.73994350832765e-05	3471	41068
1	-1	9625	429815	4853135	AMs	53	0.0012465719272002	4.96573641871089e-05	4011	40276
1	-1	9625	429815	4853135	AMs	63	0.00153038915609969	7.5551526140828e-05	4574	39708
1	-1	9625	429815	4853135	AMs	73	0.00126490784242862	2.58157786038827e-05	5534	38736
1	-1	9625	429815	4853135	AMs	83	0.0018245400638589	0.000158679784195493	6577	37812
1	-1	9625	429815	4853135	AMs	93	0.00337512054001929	0.000943029899595052	8296	36054
1	-1	9625	429815	4853135	As	0	0.00146305779078274	2.33579370270018e-05	1367	42812
1	-1	9625	429815	4853135	As	10	0	0	1570	43006
1	-1	9625	429815	4853135	As	20	0.00136674259681093	4.75522480325257e-05	2195	42059
1	-1	9625	429815	4853135	As	30	0.00176429075511644	2.40465541287933e-05	2834	41586
1	-1	9625	429815	4853135	As	40	0.00275566442131047	7.27008360596147e-05	3266	41265
1	-1	9625	429815	4853135	As	50	0.00103172556100077	4.9813200498132e-05	3877	40150
1	-1	9625	429815	4853135	As	60	0.00182066454255803	7.52313363593049e-05	4394	39877
1	-1	9625	429815	4853135	As	70	0.00171395924585793	0.000127975428717686	5251	39070
1	-1	9625	429815	4853135	As	80	0.00178310909385638	0.000131261157198362	6169	38092
1	-1	9625	429815	4853135	As	90	0.00281329923273657	0.000684818933873884	7820	36506
1	-1	9625	429815	4853135	D	2	0.000894454382826476	0	1118	43909
1	-1	9625	429815	4853135	D	12	0.00108325595790777	7.46055232955746e-05	6462	80423
1	-1	9625	429815	4853135	D	42	0.00196656833824975	0.000191453515086537	6102	52232
1	-1	9625	429815	4853135	D	52	0.00400534045393859	0.000262114037080399	6741	57227
1	-1	9625	429815	4853135	D	62	0.00126742712294043	0	1578	43442
1	-1	9625	429815	4853135	D	72	0.00135043889264011	0.000177831522415663	5924	56233
1	-1	9625	429815	4853135	D	82	0.00091441111923921	0.000195226707013519	5468	40978
1	-1	9625	429815	4853135	D	92	0.00228343085485943	0.000488489955425292	7007	49131
1	-1	9625	429815	4853135	Ds	7	0	1.92126649887606e-05	1514	52049
1	-1	9625	429815	4853135	Ds	17	0.000403551251008878	2.66226505510889e-05	2478	37562
1	-1	9625	429815	4853135	Ds	27	0.000669568128557081	3.1694716490761e-05	2987	31551
1	-1	9625	429815	4853135	Ds	37	0.00156576200417537	0	5748	58440
1	-1	9625	429815	4853135	Ds	47	0.00164149704530532	0	3046	28332
1	-1	9625	429815	4853135	Ds	57	0	0	182	2679
1	-1	9625	429815	4853135	Ds	67	0.00177988727380599	7.28730187648023e-05	3371	27445
1	-1	9625	429815	4853135	Ds	77	0.00182066454255803	8.6048646167967e-05	4394	34864
1	-1	9625	429815	4853135	Ds	87	0.0012279355333845	0.0002098085496984	6515	38130
1	-1	9625	429815	4853135	Ds	97	0.0123368920521945	0.00332723340542339	8430	36066
1	-1	9625	429815	4853135	M	3	0.000668896321070234	0	1495	38961
1	-1	9625	429815	4853135	M	13	0	0	97	1236
1	-1	9625	429815	4853135	M	23	0.0065359477124183	0	153	1738
1	-1	9625	429815	4853135	M	33	0	0	120	1695
1	-1	9625	429815	4853135	M	43	0	0	65	726
1	-1	9625	429815	4853135	M	53	0	0	163	2007
1	-1	9625	429815	4853135	M	63	0.00081366965012205	2.2025461433417e-05	4916	45402
1	-1	9625	429815	4853135	M	73	0.00122199592668024	7.27325623681722e-05	4910	41247
1	-1	9625	429815	4853135	M	83	0.0015450643776824	0.000102411797839111	5825	39058
1	-1	9625	429815	4853135	M	93	0.00572855464159812	0.000559910414333707	6808	37506
1	-1	9625	429815	4853135	Ms	8	0.000914913083257091	0	2186	39624
1	-1	9625	429815	4853135	Ms	18	0	0	81	1137
1	-1	9625	429815	4853135	Ms	28	0	0	151	2232
1	-1	9625	429815	4853135	Ms	38	0	0.000584795321637427	109	1710
1	-1	9625	429815	4853135	Ms	48	0	0	133	1720
1	-1	9625	429815	4853135	Ms	58	0	0	116	1516
1	-1	9625	429815	4853135	Ms	68	0.000641162641590083	2.29194838532236e-05	4679	43631
1	-1	9625	429815	4853135	Ms	78	0.0020772746157042	2.53485424588086e-05	4814	39450
1	-1	9625	429815	4853135	Ms	88	0.00439444542098787	0.000155291559903719	5689	38637
1	-1	9625	429815	4853135	Ms	98	0.0116827679173219	0.00357766634739985	8902	35498
